167 [44] 0.005988023952095809
169 [88] 0.005917159763313609
170 [33] 0.0058823529411764705
171 [74] 0.005847953216374269
172 [20] 0.005813953488372093
172 [51] 0.005813953488372093
173 [5] 0.005780346820809248
174 [76] 0.005747126436781609
174 [89] 0.005747126436781609
175 [28] 0.005714285714285714
175 [57] 0.005714285714285714
175 [73] 0.005714285714285714
175 [82] 0.005714285714285714
175 [98] 0.005714285714285714
176 [35] 0.005681818181818182
177 [62] 0.005649717514124294
177 [69] 0.005649717514124294
177 [92] 0.005649717514124294
177 [99] 0.005649717514124294
177 [9] 0.005649717514124294
178 [1] 0.0056179775280898875
178 [29] 0.0056179775280898875
178 [37] 0.0056179775280898875
178 [47] 0.0056179775280898875
178 [54] 0.0056179775280898875
178 [8] 0.0056179775280898875
179 [15] 0.00558659217877095
179 [66] 0.00558659217877095
179 [67] 0.00558659217877095
179 [78] 0.00558659217877095
179 [90] 0.00558659217877095
179 [95] 0.00558659217877095
180 [10] 0.005555555555555556
180 [12] 0.005555555555555556
180 [26] 0.005555555555555556
180 [3] 0.005555555555555556
180 [41] 0.005555555555555556
180 [48] 0.005555555555555556
180 [4] 0.005555555555555556
180 [65] 0.005555555555555556
180 [97] 0.005555555555555556
181 [13] 0.0055248618784530384
181 [31] 0.0055248618784530384
181 [50] 0.0055248618784530384
181 [75] 0.0055248618784530384
181 [93] 0.0055248618784530384
182 [23] 0.005494505494505495
182 [42] 0.005494505494505495
182 [45] 0.005494505494505495
182 [46] 0.005494505494505495
182 [55] 0.005494505494505495
182 [86] 0.005494505494505495
183 [18] 0.00546448087431694
183 [39] 0.00546448087431694
183 [52] 0.00546448087431694
183 [79] 0.00546448087431694
184 [0] 0.005434782608695652
184 [22] 0.005434782608695652
184 [38] 0.005434782608695652
184 [59] 0.005434782608695652
184 [64] 0.005434782608695652
184 [84] 0.005434782608695652
185 [24] 0.005405405405405406
185 [27] 0.005405405405405406
185 [34] 0.005405405405405406
185 [63] 0.005405405405405406
185 [77] 0.005405405405405406
186 [14] 0.005376344086021506
186 [36] 0.005376344086021506
186 [49] 0.005376344086021506
186 [58] 0.005376344086021506
186 [81] 0.005376344086021506
187 [40] 0.0053475935828877
188 [17] 0.005319148936170213
188 [2] 0.005319148936170213
188 [53] 0.005319148936170213
188 [91] 0.005319148936170213
189 [16] 0.005291005291005291
189 [60] 0.005291005291005291
190 [70] 0.005263157894736842
192 [32] 0.005208333333333333
192 [6] 0.005208333333333333
194 [68] 0.005154639175257732
194 [83] 0.005154639175257732
195 [72] 0.005128205128205128
196 [80] 0.00510204081632653
196 [85] 0.00510204081632653
196 [96] 0.00510204081632653
197 [30] 0.005076142131979695
197 [56] 0.005076142131979695
197 [7] 0.005076142131979695
198 [87] 0.005050505050505051
199 [11] 0.005025125628140704
199 [43] 0.005025125628140704
201 [94] 0.004975124378109453
203 [21] 0.0049261083743842365
206 [25] 0.0048543689320388345
206 [61] 0.0048543689320388345
209 [71] 0.004784688995215311
214 [19] 0.004672897196261682
